# C:\Users\KU\Documents\es_0 (05).bin
v8 = 1
## Table1
  0: -1, -1, -1, -1, -1, -1, -1, -1 (     -50,       0,     -50) (      50,       0,      50)   0   1 00000000
## Table2
  0:00000000                        (     -50,       0,     -50) (      50,       0,      50)

# C:\Users\KU\Documents\hb_3 (05).bin
v8 = 2
## Table1
  0:  2,  1,  3,  4,  6,  5,  7,  8 ( -4382.3, -4382.3, -4382.3) (  4382.3,  4382.3,  4382.3)   0   0 00000000
  1: -1, -1, -1, -1, -1, -1, -1, -1 (       0,       0,       0) (  4382.3,  4382.3,  4382.3)   0   1 00000000
  2: -1, -1, -1, -1, -1, -1, -1, -1 ( -4382.3,       0,       0) (       0,  4382.3,  4382.3)   1   2 00000000
  3: -1, -1, -1, -1, -1, -1, -1, -1 ( -4382.3,       0, -4382.3) (       0,  4382.3,       0)   2   3 00000000
  4: -1, -1, -1, -1, -1, -1, -1, -1 (       0,       0, -4382.3) (  4382.3,  4382.3,       0)   3   4 00000000
  5: -1, -1, -1, -1, -1, -1, -1, -1 (       0, -4382.3,       0) (  4382.3,       0,  4382.3)   4   5 00000000
  6: -1, -1, -1, -1, -1, -1, -1, -1 ( -4382.3, -4382.3,       0) (       0,       0,  4382.3)   5   6 00000000
  7: -1, -1, -1, -1, -1, -1, -1, -1 ( -4382.3, -4382.3, -4382.3) (       0,       0,       0)   6   7 00000000
  8: -1, -1, -1, -1, -1, -1, -1, -1 (       0, -4382.3, -4382.3) (  4382.3,       0,       0)   7   8 00000000
## Table2
  0:00000100                        (       0,       0,       0) (  4382.3,  4382.3,  4382.3)
  1:00000100                        ( -4382.3,       0,       0) (       0,  4382.3,  4382.3)
  2:00000100                        ( -4382.3,       0, -4382.3) (       0,  4382.3,       0)
  3:00000100                        (       0,       0, -4382.3) (  4382.3,  4382.3,       0)
  4:00000100                        (       0, -4382.3,       0) (  4382.3,       0,  4382.3)
  5:00000100                        ( -4382.3, -4382.3,       0) (       0,       0,  4382.3)
  6:00000100                        ( -4382.3, -4382.3, -4382.3) (       0,       0,       0)
  7:00000100                        (       0, -4382.3, -4382.3) (  4382.3,       0,       0)

# C:\Users\KU\Documents\he_1 (05).bin
v8 = 4
## Table1
  0: 31, 49, 37, 43,  5,  9,  1, 13 (-11721.1, -6739.4,-11721.1) ( 11721.1,  9666.2, 11721.1)   0   0 00000000
  1: 59,  2, 60, 71, 73, 74, -1, -1 (-11721.1, -6739.4,-11721.1) (   841.9,    2000,   832.7)   0   0 00000000
  2: 27, 29,  4, 17, 24,  3, -1, -1 ( -4531.2, -4415.7, -4186.3) (   841.9,    2000,   832.7)   0   0 00000000
  3: -1, -1, -1, -1, -1, -1, -1, -1 ( -2829.6, -4415.7, -4186.3) (     240,   -1900, -2192.9)   0   1 00000000
  4: -1, -1, -1, -1, -1, -1, -1, -1 ( -4531.2, -4415.7, -2829.6) ( -2192.9,   -1900,   832.7)   1   2 00000000
  5: 57, 58,  6, 66, 69, 68, -1, -1 (-11721.1, -6739.4,  -841.9) (   841.9,    2000, 11721.1)   0   0 00000000
  6: 26, 23,  8,  7, 18, -1, -1, -1 ( -4186.3, -4415.7,  -841.9) (   841.9,    2000,  4531.2)   0   0 00000000
  7: -1, -1, -1, -1, -1, -1, -1, -1 ( -4186.3, -4415.7,       0) ( -2192.9,   -1900,  2829.6)   2   3 00000000
  8: -1, -1, -1, -1, -1, -1, -1, -1 ( -2829.6, -4415.7,  2192.9) (   832.7,   -1900,  4531.2)   3   4 00000000
  9: 56, 10, 55, 64, 63, 81, -1, -1 (       0, -6739.4,  -841.9) ( 11721.1,    2000, 11721.1)   0   0 00000000
 10: 25, 11, 22, 19, 12, -1, -1, -1 (       0, -4415.7,  -841.9) (  4531.2,    2000,  4186.3)   0   0 00000000
 11: -1, -1, -1, -1, -1, -1, -1, -1 (       0, -4415.7,  2192.9) (  2829.6,   -1900,  4186.3)   4   5 00000000
 12: -1, -1, -1, -1, -1, -1, -1, -1 (  2192.9, -4415.7,  -832.7) (  4531.2,   -1900,  2829.6)   5   6 00000000
 13: 14, 62, 61, 78, 79, 76, -1, -1 (  -832.7, -6739.4,-11721.1) ( 11721.1,    2000,       0)   0   0 00000000
 14: 28, 30, 20, 15, 16, 21, -1, -1 (  -832.7, -4415.7, -4531.2) (  4186.3,    2000,       0)   0   0 00000000
 15: -1, -1, -1, -1, -1, -1, -1, -1 (  2192.9, -4415.7, -2829.6) (  4186.3,   -1900,       0)   6   7 00000000
 16: -1, -1, -1, -1, -1, -1, -1, -1 (  -832.7, -4165.3, -4531.2) (  2829.6,   -1900, -2192.9)   7   8 00000000
 17: -1, -1, -1, -1, -1, -1, -1, -1 (   -3393, -4415.7, -3672.6) (   304.2,   -1500,       0)   8   9 00000000
 18: -1, -1, -1, -1, -1, -1, -1, -1 ( -3672.6, -4415.7,  -304.2) (   304.2,   -1500,    3393)   9  10 00000000
 19: -1, -1, -1, -1, -1, -1, -1, -1 (       0, -4165.3,  -304.2) (    3393,   -1500,  3672.6)  10  11 00000000
 20: -1, -1, -1, -1, -1, -1, -1, -1 (       0, -4165.3,   -3393) (  3672.6,   -1500,       0)  11  12 00000000
 21: -1, -1, -1, -1, -1, -1, -1, -1 (  2267.1, -3703.8,   -3549) (  3841.4,   -2550, -2453.9)  12  13 00000000
 22: -1, -1, -1, -1, -1, -1, -1, -1 (  2453.9, -3703.8,  2267.1) (    3549,   -2550,  3841.4)  13  14 00000000
 23: -1, -1, -1, -1, -1, -1, -1, -1 ( -3841.4, -3849.9,  2453.9) ( -2267.1,   -2550,    3549)  14  15 00000000
 24: -1, -1, -1, -1, -1, -1, -1, -1 (   -3549, -3849.9, -3841.4) ( -2453.9,   -2550, -2267.1)  15  16 00000000
 25: -1, -1, -1, -1, -1, -1, -1, -1 (       0,   -1500,  -841.9) (  2655.8,    2000,    2800)  16  18 00000000
 26: -1, -1, -1, -1, -1, -1, -1, -1 ( -2655.8,   -1500,  -841.9) (   841.9,    2000,    2800)  18  20 00000000
 27: -1, -1, -1, -1, -1, -1, -1, -1 ( -2655.8,   -1500,   -2900) (   841.9,    2000,       0)  20  23 00000000
 28: -1, -1, -1, -1, -1, -1, -1, -1 (       0,   -1500,   -2900) (  2655.8,    2000,       0)  23  26 00000000
 29: -1, -1, -1, -1, -1, -1, -1, -1 (  -580.8,       0, -3280.3) (       0,    23.8,   -2900)  26  27 00000000
 30: -1, -1, -1, -1, -1, -1, -1, -1 (       0,       0, -3281.5) (   583.1,    23.8,   -2900)  27  28 00000000
 31: 32, 34, -1, -1, -1, -1, -1, -1 ( -2032.5,    2000,  -841.9) (   841.9,    8000,  2032.5)   0   0 00000000
 32: 33, -1, -1, -1, -1, -1, -1, -1 ( -2032.5,    8000,  -841.9) (   841.9,    8000,  2032.5)   0   0 00000000
 33: -1, -1, -1, -1, -1, -1, -1, -1 ( -2032.5,    8000,  -841.9) (   841.9,    8000,  2032.5)  28  29 00000000
 34: 36, 35, -1, -1, -1, -1, -1, -1 ( -2032.5,    2000,  -841.9) (   841.9,    8000,  2032.5)   0   0 00000000
 35: -1, -1, -1, -1, -1, -1, -1, -1 ( -2032.5,    2000,  -841.9) (   841.9,    4000,  2032.5)  29  31 00000000
 36: -1, -1, -1, -1, -1, -1, -1, -1 ( -2032.5,    4000,  -841.9) (   841.9,    8000,  2032.5)  31  33 00000000
 37: 38, 40, -1, -1, -1, -1, -1, -1 ( -2032.5,    2000, -2032.5) (   841.9,  9666.2,       0)   0   0 00000000
 38: 39, -1, -1, -1, -1, -1, -1, -1 ( -2032.5,    8000, -2032.5) (   841.9,  9666.2,       0)   0   0 00000000
 39: -1, -1, -1, -1, -1, -1, -1, -1 ( -2032.5,    8000, -2032.5) (   841.9,  9666.2,       0)  33  35 00000000
 40: 42, 41, -1, -1, -1, -1, -1, -1 ( -2032.5,    2000, -2032.5) (   841.9,    8000,       0)   0   0 00000000
 41: -1, -1, -1, -1, -1, -1, -1, -1 ( -2032.5,    2000, -2032.5) (   841.9,    4000,       0)  35  37 00000000
 42: -1, -1, -1, -1, -1, -1, -1, -1 ( -2032.5,    4000, -2032.5) (   841.9,    8000,       0)  37  39 00000000
 43: 44, 46, -1, -1, -1, -1, -1, -1 (       0,    2000, -2032.5) (  2032.5,    8000,       0)   0   0 00000000
 44: 45, -1, -1, -1, -1, -1, -1, -1 (       0,    8000, -2032.5) (  2032.5,    8000,       0)   0   0 00000000
 45: -1, -1, -1, -1, -1, -1, -1, -1 (       0,    8000, -2032.5) (  2032.5,    8000,       0)  39  40 00000000
 46: 48, 47, -1, -1, -1, -1, -1, -1 (       0,    2000, -2032.5) (  2032.5,    8000,       0)   0   0 00000000
 47: -1, -1, -1, -1, -1, -1, -1, -1 (       0,    2000, -2032.5) (  2032.5,    4000,       0)  40  42 00000000
 48: -1, -1, -1, -1, -1, -1, -1, -1 (       0,    4000, -2032.5) (  2032.5,    8000,       0)  42  44 00000000
 49: 50, 52, -1, -1, -1, -1, -1, -1 (       0,    2000,  -841.9) (  2032.5,    8000,  2032.5)   0   0 00000000
 50: 51, -1, -1, -1, -1, -1, -1, -1 (       0,    8000,  -841.9) (  2032.5,    8000,  2032.5)   0   0 00000000
 51: -1, -1, -1, -1, -1, -1, -1, -1 (       0,    8000,  -841.9) (  2032.5,    8000,  2032.5)  44  45 00000000
 52: 54, 53, -1, -1, -1, -1, -1, -1 (       0,    2000,  -841.9) (  2032.5,    8000,  2032.5)   0   0 00000000
 53: -1, -1, -1, -1, -1, -1, -1, -1 (       0,    2000,  -841.9) (  2032.5,    4000,  2032.5)  45  47 00000000
 54: -1, -1, -1, -1, -1, -1, -1, -1 (       0,    4000,  -841.9) (  2032.5,    8000,  2032.5)  47  49 00000000
 55: -1, -1, -1, -1, -1, -1, -1, -1 (  6343.4, -4396.3,       0) ( 11721.1,   -1800,  8288.1)  49  50 00000000
 56: -1, -1, -1, -1, -1, -1, -1, -1 (       0, -4396.3,  6343.4) (  8288.1,   -1800, 11721.1)  50  51 00000000
 57: -1, -1, -1, -1, -1, -1, -1, -1 ( -8288.1, -4396.3,  6343.4) (       0,   -1800, 11721.1)  51  52 00000000
 58: -1, -1, -1, -1, -1, -1, -1, -1 (-11721.1, -4396.3,       0) ( -6343.4,   -1800,  8288.1)  52  53 00000000
 59: -1, -1, -1, -1, -1, -1, -1, -1 (-11721.1, -4396.3, -8288.1) ( -6343.4,   -1800,       0)  53  54 00000000
 60: -1, -1, -1, -1, -1, -1, -1, -1 ( -8288.1, -4396.3,-11721.1) (       0,   -1800, -6343.4)  54  55 00000000
 61: -1, -1, -1, -1, -1, -1, -1, -1 (       0, -4396.3,-11721.1) (  8288.1,   -1800, -6343.4)  55  56 00000000
 62: -1, -1, -1, -1, -1, -1, -1, -1 (  6343.4, -4396.3, -8288.1) ( 11721.1,   -1800,       0)  56  57 00000000
 63: -1, -1, -1, -1, -1, -1, -1, -1 (       0, -6739.4,       0) (  8288.1, -4396.3,  8288.1)  57  58 00000000
 64: 65, -1, -1, -1, -1, -1, -1, -1 (       0, -6130.5,  4485.5) (    3433, -4396.3,    8971)   0   0 00000000
 65: -1, -1, -1, -1, -1, -1, -1, -1 (       0, -6130.5,  4485.5) (    3433, -4396.3,    8971)  58  59 00000000
 66: 67, -1, -1, -1, -1, -1, -1, -1 (   -3433, -6130.5,  4485.5) (       0, -4396.3,    8971)   0   0 00000000
 67: -1, -1, -1, -1, -1, -1, -1, -1 (   -3433, -6130.5,  4485.5) (       0, -4396.3,    8971)  59  60 00000000
 68: -1, -1, -1, -1, -1, -1, -1, -1 ( -8288.1, -6739.4,       0) (       0, -4396.3,  8288.1)  60  61 00000000
 69: 70, -1, -1, -1, -1, -1, -1, -1 (   -8971, -6130.5,       0) ( -4485.5, -4396.3,    3433)   0   0 00000000
 70: -1, -1, -1, -1, -1, -1, -1, -1 (   -8971, -6130.5,       0) ( -4485.5, -4396.3,    3433)  61  62 00000000
 71: 72, -1, -1, -1, -1, -1, -1, -1 (   -8971, -6130.5,   -3433) ( -4485.5, -4396.3,       0)   0   0 00000000
 72: -1, -1, -1, -1, -1, -1, -1, -1 (   -8971, -6130.5,   -3433) ( -4485.5, -4396.3,       0)  62  63 00000000
 73: -1, -1, -1, -1, -1, -1, -1, -1 ( -8288.1, -6739.4, -8288.1) (       0, -4396.3,       0)  63  64 00000000
 74: 75, -1, -1, -1, -1, -1, -1, -1 (   -3433, -6130.5,   -8971) (       0, -4396.3, -4485.5)   0   0 00000000
 75: -1, -1, -1, -1, -1, -1, -1, -1 (   -3433, -6130.5,   -8971) (       0, -4396.3, -4485.5)  64  65 00000000
 76: 77, -1, -1, -1, -1, -1, -1, -1 (       0, -6130.5,   -8971) (    3433, -4396.3, -4485.5)   0   0 00000000
 77: -1, -1, -1, -1, -1, -1, -1, -1 (       0, -6130.5,   -8971) (    3433, -4396.3, -4485.5)  65  66 00000000
 78: -1, -1, -1, -1, -1, -1, -1, -1 (       0, -6739.4, -8288.1) (  8288.1, -4396.3,       0)  66  67 00000000
 79: 80, -1, -1, -1, -1, -1, -1, -1 (  4485.5, -6130.5,   -3433) (    8971, -4396.3,       0)   0   0 00000000
 80: -1, -1, -1, -1, -1, -1, -1, -1 (  4485.5, -6130.5,   -3433) (    8971, -4396.3,       0)  67  68 00000000
 81: 82, -1, -1, -1, -1, -1, -1, -1 (  4485.5, -6130.5,       0) (    8971, -4396.3,    3433)   0   0 00000000
 82: -1, -1, -1, -1, -1, -1, -1, -1 (  4485.5, -6130.5,       0) (    8971, -4396.3,    3433)  68  69 00000000
## Table2
  0:00000000                        ( -2829.6, -4415.7, -4186.3) (     240,   -1900, -2192.9)
  1:00000000                        ( -4531.2, -4415.7, -2829.6) ( -2192.9,   -1900,   832.7)
  2:00000000                        ( -4186.3, -4415.7,       0) ( -2192.9,   -1900,  2829.6)
  3:00000000                        ( -2829.6, -4415.7,  2192.9) (   832.7,   -1900,  4531.2)
  4:00000000                        (       0, -4415.7,  2192.9) (  2829.6,   -1900,  4186.3)
  5:00000000                        (  2192.9, -4415.7,  -832.7) (  4531.2,   -1900,  2829.6)
  6:00000000                        (  2192.9, -4415.7, -2829.6) (  4186.3,   -1900,       0)
  7:00000000                        (  -832.7, -4165.3, -4531.2) (  2829.6,   -1900, -2192.9)
  8:00000000                        (   -3393, -4415.7, -3672.6) (   304.2,   -1500,       0)
  9:00000000                        ( -3672.6, -4415.7,  -304.2) (   304.2,   -1500,    3393)
 10:00000000                        (       0, -4165.3,  -304.2) (    3393,   -1500,  3672.6)
 11:00000000                        (       0, -4165.3,   -3393) (  3672.6,   -1500,       0)
 12:00000000                        (  2267.1, -3703.8,   -3549) (  3841.4,   -2550, -2453.9)
 13:00000000                        (  2453.9, -3703.8,  2267.1) (    3549,   -2550,  3841.4)
 14:00000000                        ( -3841.4, -3849.9,  2453.9) ( -2267.1,   -2550,    3549)
 15:00000000                        (   -3549, -3849.9, -3841.4) ( -2453.9,   -2550, -2267.1)
 16:00000000                        (       0,   -1500,  -841.9) (  2655.8,    2000,    2800)
 17:00000200                        (       0,       0,       0) (    1100,    2000,    1100)
 18:00000000                        ( -2655.8,   -1500,  -841.9) (   841.9,    2000,    2800)
 19:00000200                        (   -1100,       0,       0) (       0,    2000,    1100)
 20:00000000                        ( -2655.8,   -1500,   -2900) (   841.9,    2000,       0)
 21:00000200                        (   -1100,       0,   -1100) (       0,    2000,       0)
 22:00000700                        (  -552.5,  -552.5,   -2600) (       0,       0,   -2500)
 23:00000000                        (       0,   -1500,   -2900) (  2655.8,    2000,       0)
 24:00000200                        (       0,       0,   -1100) (    1100,    2000,       0)
 25:00000700                        (       0,  -552.5,   -2600) (   552.5,       0,   -2500)
 26:00000000                        (  -580.8,       0, -3280.3) (       0,    23.8,   -2900)
 27:00000000                        (       0,       0, -3281.5) (   583.1,    23.8,   -2900)
 28:00000000                        ( -2032.5,    8000,  -841.9) (   841.9,    8000,  2032.5)
 29:00000000                        ( -2032.5,    2000,  -841.9) (   841.9,    4000,  2032.5)
 30:00000200                        (   -1100,    2000,       0) (       0,    4000,    1100)
 31:00000000                        ( -2032.5,    4000,  -841.9) (   841.9,    8000,  2032.5)
 32:00000200                        (   -1100,    4000,       0) (       0,    8000,    1100)
 33:00000000                        ( -2032.5,    8000, -2032.5) (   841.9,    8000,       0)
 34:00003D00                        ( -1985.3,  9572.6, -1519.5) ( -1550.2,  9666.2, -1186.5)
 35:00000000                        ( -2032.5,    2000, -2032.5) (   841.9,    4000,  -841.9)
 36:00000200                        (   -1100,    2000,   -1100) (       0,    4000,       0)
 37:00000000                        ( -2032.5,    4000, -2032.5) (   841.9,    8000,  -841.9)
 38:00000200                        (   -1100,    4000,   -1100) (       0,    8000,       0)
 39:00000000                        (       0,    8000, -2032.5) (  2032.5,    8000,       0)
 40:00000000                        (   841.9,    2000, -2032.5) (  2032.5,    4000,  -841.9)
 41:00000200                        (       0,    2000,   -1100) (    1100,    4000,       0)
 42:00000000                        (   841.9,    4000, -2032.5) (  2032.5,    8000,  -841.9)
 43:00000200                        (       0,    4000,   -1100) (    1100,    8000,       0)
 44:00000000                        (       0,    8000,  -841.9) (  2032.5,    8000,  2032.5)
 45:00000000                        (   841.9,    2000,  -841.9) (  2032.5,    4000,  2032.5)
 46:00000200                        (       0,    2000,       0) (    1100,    4000,    1100)
 47:00000000                        (   841.9,    4000,  -841.9) (  2032.5,    8000,  2032.5)
 48:00000200                        (       0,    4000,       0) (    1100,    8000,    1100)
 49:00000000                        (  6343.4, -4396.3,       0) ( 11721.1,   -1800,  8288.1)
 50:00000000                        (       0, -4396.3,  6343.4) (  8288.1,   -1800, 11721.1)
 51:00000000                        ( -8288.1, -4396.3,  6343.4) (       0,   -1800, 11721.1)
 52:00000000                        (-11721.1, -4396.3,       0) ( -6343.4,   -1800,  8288.1)
 53:00000000                        (-11721.1, -4396.3, -8288.1) ( -6343.4,   -1800,       0)
 54:00000000                        ( -8288.1, -4396.3,-11721.1) (       0,   -1800, -6343.4)
 55:00000000                        (       0, -4396.3,-11721.1) (  8288.1,   -1800, -6343.4)
 56:00000000                        (  6343.4, -4396.3, -8288.1) ( 11721.1,   -1800,       0)
 57:00000000                        (       0, -6739.4,       0) (  8288.1, -4396.3,  8288.1)
 58:00000000                        (       0, -6130.5,  4485.5) (    3433, -4396.3,    8971)
 59:00000000                        (   -3433, -6130.5,  4485.5) (       0, -4396.3,    8971)
 60:00000000                        ( -8288.1, -6739.4,       0) (       0, -4396.3,  8288.1)
 61:00000000                        (   -8971, -6130.5,       0) ( -4485.5, -4396.3,    3433)
 62:00000000                        (   -8971, -6130.5,   -3433) ( -4485.5, -4396.3,       0)
 63:00000000                        ( -8288.1, -6739.4, -8288.1) (       0, -4396.3,       0)
 64:00000000                        (   -3433, -6130.5,   -8971) (       0, -4396.3, -4485.5)
 65:00000000                        (       0, -6130.5,   -8971) (    3433, -4396.3, -4485.5)
 66:00000000                        (       0, -6739.4, -8288.1) (  8288.1, -4396.3,       0)
 67:00000000                        (  4485.5, -6130.5,   -3433) (    8971, -4396.3,       0)
 68:00000000                        (  4485.5, -6130.5,       0) (    8971, -4396.3,    3433)

# C:\Users\KU\Documents\tt_0 (05).bin
v8 = 2
## Table1
  0:  4,  3,  1,  2,  7,  6,  5, -1 (-15658.6,   -1020,-15658.6) ( 15658.6,     450, 15658.6)   0   0 00000000
  1: -1, -1, -1, -1, -1, -1, -1, -1 (-15658.6,    -510,-15658.6) (   345.6,     450,       0)   0   2 00000000
  2: -1, -1, -1, -1, -1, -1, -1, -1 (  -345.6,    -510,-15658.6) ( 15658.6,     350,       0)   2   4 00000000
  3: -1, -1, -1, -1, -1, -1, -1, -1 (       0,    -350,    -340) ( 15658.6,     400, 15658.6)   4   5 00000000
  4: -1, -1, -1, -1, -1, -1, -1, -1 (-15658.6,    -270,    -340) (   345.6,     270, 15658.6)   5   6 00000000
  5: -1, -1, -1, -1, -1, -1, -1, -1 (   345.6,   -1020,   -1300) (    1020,    -150,  -382.8)   6   7 00000000
  6: -1, -1, -1, -1, -1, -1, -1, -1 (   -1020,   -1020,   -1300) (   345.6,    -150,    -104)   7   8 00000000
  7: -1, -1, -1, -1, -1, -1, -1, -1 (   673.1,    -400,    77.1) (     817,    -200,   229.7)   8   9 00000000
## Table2
  0:00000000                        (-15658.6,    -510,-15658.6) (   345.6,     450,       0)
  1:00020000                        (   -1020,    -150,   -1010) (   345.6,    -130,     -20)
  2:00000000                        (  -345.6,    -510,-15658.6) ( 15658.6,     350,       0)
  3:00020000                        (   345.6,    -150,   -1010) (    1020,    -130,     -20)
  4:00000000                        (       0,    -350,    -340) ( 15658.6,     400, 15658.6)
  5:00000000                        (-15658.6,    -270,    -340) (   345.6,     270, 15658.6)
  6:00000000                        (   345.6,   -1020,   -1300) (    1020,    -150,  -382.8)
  7:00000000                        (   -1020,   -1020,   -1300) (   345.6,    -150,    -104)
  8:00000000                        (   673.1,    -400,    77.1) (     817,    -200,   229.7)
